2019,301132
2019,301152
2019,301190
2019,301218
2019,301282
2019,301314
2019,301366
2019,301373
2019,301513
2019,301560
2019,301628
2019,301655
2019,301662
2019,301716
2019,600032
2019,600152
2019,600189
2019,600241
2019,600325
2019,600488
2019,600657
2019,600825
2019,600982
2019,601238
2019,601519
2019,601811
2019,601949
2019,603188
2019,603200
2019,603322
2019,603328
2019,603533
2019,603598
2019,603602
2019,603630
2019,603636
2019,603949
2019,603980
2019,605058
2019,605198
2019,605258
2019,605303
2019,605378
2019,605388
2019,688039
2019,688123
2019,688137
2019,688143
2019,688175
2019,688205
2019,688228
2019,688499
2019,688517
2019,688573
2019,688655
2019,688685
2019,688768
2019,920060
2019,920202
2019,920284
2019,920522
2019,920779